A1 = [ 0 1 0 ; 0 0 1 ; -1 -2 -3 ];
A2 = [ -1 1 ; 0 -1 ];
A
